1
100 5050
1 1 -15111
1 2 117
1 3 90
1 4 63
1 5 126
1 6 54
1 7 225
1 8 144
1 9 45
1 10 90
1 11 63
1 12 81
1 13 270
1 14 225
1 15 198
1 16 243
1 17 63
1 18 126
1 19 243
1 20 54
1 21 153
1 22 63
1 23 270
1 24 225
1 25 234
1 26 108
1 27 198
1 28 72
1 29 54
1 30 207
1 31 108
1 32 90
1 33 216
1 34 162
1 35 81
1 36 144
1 37 72
1 38 261
1 39 126
1 40 171
1 41 162
1 42 243
1 43 72
1 44 135
1 45 270
1 46 162
1 47 180
1 48 198
1 49 81
1 50 99
1 51 261
1 52 144
1 53 216
1 54 189
1 55 189
1 56 252
1 57 45
1 58 90
1 59 171
1 60 270
1 61 225
1 62 225
1 63 90
1 64 117
1 65 108
1 66 45
1 67 54
1 68 252
1 69 117
1 70 207
1 71 162
1 72 189
1 73 63
1 74 90
1 75 234
1 76 207
1 77 261
1 78 126
1 79 117
1 80 117
1 81 243
1 82 144
1 83 153
1 84 144
1 85 135
1 86 126
1 87 144
1 88 270
1 89 90
1 90 81
1 91 180
1 92 162
1 93 180
1 94 171
1 95 261
1 96 45
1 97 180
1 98 72
1 99 180
1 100 180
2 2 -21775
2 3 130
2 4 91
2 5 182
2 6 78
2 7 325
2 8 208
2 9 65
2 10 130
2 11 91
2 12 117
2 13 390
2 14 325
2 15 286
2 16 351
2 17 91
2 18 182
2 19 351
2 20 78
2 21 221
2 22 91
2 23 390
2 24 325
2 25 338
2 26 156
2 27 286
2 28 104
2 29 78
2 30 299
2 31 156
2 32 130
2 33 312
2 34 234
2 35 117
2 36 208
2 37 104
2 38 377
2 39 182
2 40 247
2 41 234
2 42 351
2 43 104
2 44 195
2 45 390
2 46 234
2 47 260
2 48 286
2 49 117
2 50 143
2 51 377
2 52 208
2 53 312
2 54 273
2 55 273
2 56 364
2 57 65
2 58 130
2 59 247
2 60 390
2 61 325
2 62 325
2 63 130
2 64 169
2 65 156
2 66 65
2 67 78
2 68 364
2 69 169
2 70 299
2 71 234
2 72 273
2 73 91
2 74 130
2 75 338
2 76 299
2 77 377
2 78 182
2 79 169
2 80 169
2 81 351
2 82 208
2 83 221
2 84 208
2 85 195
2 86 182
2 87 208
2 88 390
2 89 130
2 90 117
2 91 260
2 92 234
2 93 260
2 94 247
2 95 377
2 96 65
2 97 260
2 98 104
2 99 260
2 100 260
3 3 -16780
3 4 70
3 5 140
3 6 60
3 7 250
3 8 160
3 9 50
3 10 100
3 11 70
3 12 90
3 13 300
3 14 250
3 15 220
3 16 270
3 17 70
3 18 140
3 19 270
3 20 60
3 21 170
3 22 70
3 23 300
3 24 250
3 25 260
3 26 120
3 27 220
3 28 80
3 29 60
3 30 230
3 31 120
3 32 100
3 33 240
3 34 180
3 35 90
3 36 160
3 37 80
3 38 290
3 39 140
3 40 190
3 41 180
3 42 270
3 43 80
3 44 150
3 45 300
3 46 180
3 47 200
3 48 220
3 49 90
3 50 110
3 51 290
3 52 160
3 53 240
3 54 210
3 55 210
3 56 280
3 57 50
3 58 100
3 59 190
3 60 300
3 61 250
3 62 250
3 63 100
3 64 130
3 65 120
3 66 50
3 67 60
3 68 280
3 69 130
3 70 230
3 71 180
3 72 210
3 73 70
3 74 100
3 75 260
3 76 230
3 77 290
3 78 140
3 79 130
3 80 130
3 81 270
3 82 160
3 83 170
3 84 160
3 85 150
3 86 140
3 87 160
3 88 300
3 89 100
3 90 90
3 91 200
3 92 180
3 93 200
3 94 190
3 95 290
3 96 50
3 97 200
3 98 80
3 99 200
3 100 200
4 4 -11767
4 5 98
4 6 42
4 7 175
4 8 112
4 9 35
4 10 70
4 11 49
4 12 63
4 13 210
4 14 175
4 15 154
4 16 189
4 17 49
4 18 98
4 19 189
4 20 42
4 21 119
4 22 49
4 23 210
4 24 175
4 25 182
4 26 84
4 27 154
4 28 56
4 29 42
4 30 161
4 31 84
4 32 70
4 33 168
4 34 126
4 35 63
4 36 112
4 37 56
4 38 203
4 39 98
4 40 133
4 41 126
4 42 189
4 43 56
4 44 105
4 45 210
4 46 126
4 47 140
4 48 154
4 49 63
4 50 77
4 51 203
4 52 112
4 53 168
4 54 147
4 55 147
4 56 196
4 57 35
4 58 70
4 59 133
4 60 210
4 61 175
4 62 175
4 63 70
4 64 91
4 65 84
4 66 35
4 67 42
4 68 196
4 69 91
4 70 161
4 71 126
4 72 147
4 73 49
4 74 70
4 75 182
4 76 161
4 77 203
4 78 98
4 79 91
4 80 91
4 81 189
4 82 112
4 83 119
4 84 112
4 85 105
4 86 98
4 87 112
4 88 210
4 89 70
4 90 63
4 91 140
4 92 126
4 93 140
4 94 133
4 95 203
4 96 35
4 97 140
4 98 56
4 99 140
4 100 140
5 5 -23436
5 6 84
5 7 350
5 8 224
5 9 70
5 10 140
5 11 98
5 12 126
5 13 420
5 14 350
5 15 308
5 16 378
5 17 98
5 18 196
5 19 378
5 20 84
5 21 238
5 22 98
5 23 420
5 24 350
5 25 364
5 26 168
5 27 308
5 28 112
5 29 84
5 30 322
5 31 168
5 32 140
5 33 336
5 34 252
5 35 126
5 36 224
5 37 112
5 38 406
5 39 196
5 40 266
5 41 252
5 42 378
5 43 112
5 44 210
5 45 420
5 46 252
5 47 280
5 48 308
5 49 126
5 50 154
5 51 406
5 52 224
5 53 336
5 54 294
5 55 294
5 56 392
5 57 70
5 58 140
5 59 266
5 60 420
5 61 350
5 62 350
5 63 140
5 64 182
5 65 168
5 66 70
5 67 84
5 68 392
5 69 182
5 70 322
5 71 252
5 72 294
5 73 98
5 74 140
5 75 364
5 76 322
5 77 406
5 78 196
5 79 182
5 80 182
5 81 378
5 82 224
5 83 238
5 84 224
5 85 210
5 86 196
5 87 224
5 88 420
5 89 140
5 90 126
5 91 280
5 92 252
5 93 280
5 94 266
5 95 406
5 96 70
5 97 280
5 98 112
5 99 280
5 100 280
6 6 -10092
6 7 150
6 8 96
6 9 30
6 10 60
6 11 42
6 12 54
6 13 180
6 14 150
6 15 132
6 16 162
6 17 42
6 18 84
6 19 162
6 20 36
6 21 102
6 22 42
6 23 180
6 24 150
6 25 156
6 26 72
6 27 132
6 28 48
6 29 36
6 30 138
6 31 72
6 32 60
6 33 144
6 34 108
6 35 54
6 36 96
6 37 48
6 38 174
6 39 84
6 40 114
6 41 108
6 42 162
6 43 48
6 44 90
6 45 180
6 46 108
6 47 120
6 48 132
6 49 54
6 50 66
6 51 174
6 52 96
6 53 144
6 54 126
6 55 126
6 56 168
6 57 30
6 58 60
6 59 114
6 60 180
6 61 150
6 62 150
6 63 60
6 64 78
6 65 72
6 66 30
6 67 36
6 68 168
6 69 78
6 70 138
6 71 108
6 72 126
6 73 42
6 74 60
6 75 156
6 76 138
6 77 174
6 78 84
6 79 78
6 80 78
6 81 162
6 82 96
6 83 102
6 84 96
6 85 90
6 86 84
6 87 96
6 88 180
6 89 60
6 90 54
6 91 120
6 92 108
6 93 120
6 94 114
6 95 174
6 96 30
6 97 120
6 98 48
6 99 120
6 100 120
7 7 -41575
7 8 400
7 9 125
7 10 250
7 11 175
7 12 225
7 13 750
7 14 625
7 15 550
7 16 675
7 17 175
7 18 350
7 19 675
7 20 150
7 21 425
7 22 175
7 23 750
7 24 625
7 25 650
7 26 300
7 27 550
7 28 200
7 29 150
7 30 575
7 31 300
7 32 250
7 33 600
7 34 450
7 35 225
7 36 400
7 37 200
7 38 725
7 39 350
7 40 475
7 41 450
7 42 675
7 43 200
7 44 375
7 45 750
7 46 450
7 47 500
7 48 550
7 49 225
7 50 275
7 51 725
7 52 400
7 53 600
7 54 525
7 55 525
7 56 700
7 57 125
7 58 250
7 59 475
7 60 750
7 61 625
7 62 625
7 63 250
7 64 325
7 65 300
7 66 125
7 67 150
7 68 700
7 69 325
7 70 575
7 71 450
7 72 525
7 73 175
7 74 250
7 75 650
7 76 575
7 77 725
7 78 350
7 79 325
7 80 325
7 81 675
7 82 400
7 83 425
7 84 400
7 85 375
7 86 350
7 87 400
7 88 750
7 89 250
7 90 225
7 91 500
7 92 450
7 93 500
7 94 475
7 95 725
7 96 125
7 97 500
7 98 200
7 99 500
7 100 500
8 8 -26752
8 9 80
8 10 160
8 11 112
8 12 144
8 13 480
8 14 400
8 15 352
8 16 432
8 17 112
8 18 224
8 19 432
8 20 96
8 21 272
8 22 112
8 23 480
8 24 400
8 25 416
8 26 192
8 27 352
8 28 128
8 29 96
8 30 368
8 31 192
8 32 160
8 33 384
8 34 288
8 35 144
8 36 256
8 37 128
8 38 464
8 39 224
8 40 304
8 41 288
8 42 432
8 43 128
8 44 240
8 45 480
8 46 288
8 47 320
8 48 352
8 49 144
8 50 176
8 51 464
8 52 256
8 53 384
8 54 336
8 55 336
8 56 448
8 57 80
8 58 160
8 59 304
8 60 480
8 61 400
8 62 400
8 63 160
8 64 208
8 65 192
8 66 80
8 67 96
8 68 448
8 69 208
8 70 368
8 71 288
8 72 336
8 73 112
8 74 160
8 75 416
8 76 368
8 77 464
8 78 224
8 79 208
8 80 208
8 81 432
8 82 256
8 83 272
8 84 256
8 85 240
8 86 224
8 87 256
8 88 480
8 89 160
8 90 144
8 91 320
8 92 288
8 93 320
8 94 304
8 95 464
8 96 80
8 97 320
8 98 128
8 99 320
8 100 320
9 9 -8415
9 10 50
9 11 35
9 12 45
9 13 150
9 14 125
9 15 110
9 16 135
9 17 35
9 18 70
9 19 135
9 20 30
9 21 85
9 22 35
9 23 150
9 24 125
9 25 130
9 26 60
9 27 110
9 28 40
9 29 30
9 30 115
9 31 60
9 32 50
9 33 120
9 34 90
9 35 45
9 36 80
9 37 40
9 38 145
9 39 70
9 40 95
9 41 90
9 42 135
9 43 40
9 44 75
9 45 150
9 46 90
9 47 100
9 48 110
9 49 45
9 50 55
9 51 145
9 52 80
9 53 120
9 54 105
9 55 105
9 56 140
9 57 25
9 58 50
9 59 95
9 60 150
9 61 125
9 62 125
9 63 50
9 64 65
9 65 60
9 66 25
9 67 30
9 68 140
9 69 65
9 70 115
9 71 90
9 72 105
9 73 35
9 74 50
9 75 130
9 76 115
9 77 145
9 78 70
9 79 65
9 80 65
9 81 135
9 82 80
9 83 85
9 84 80
9 85 75
9 86 70
9 87 80
9 88 150
9 89 50
9 90 45
9 91 100
9 92 90
9 93 100
9 94 95
9 95 145
9 96 25
9 97 100
9 98 40
9 99 100
9 100 100
10 10 -16780
10 11 70
10 12 90
10 13 300
10 14 250
10 15 220
10 16 270
10 17 70
10 18 140
10 19 270
10 20 60
10 21 170
10 22 70
10 23 300
10 24 250
10 25 260
10 26 120
10 27 220
10 28 80
10 29 60
10 30 230
10 31 120
10 32 100
10 33 240
10 34 180
10 35 90
10 36 160
10 37 80
10 38 290
10 39 140
10 40 190
10 41 180
10 42 270
10 43 80
10 44 150
10 45 300
10 46 180
10 47 200
10 48 220
10 49 90
10 50 110
10 51 290
10 52 160
10 53 240
10 54 210
10 55 210
10 56 280
10 57 50
10 58 100
10 59 190
10 60 300
10 61 250
10 62 250
10 63 100
10 64 130
10 65 120
10 66 50
10 67 60
10 68 280
10 69 130
10 70 230
10 71 180
10 72 210
10 73 70
10 74 100
10 75 260
10 76 230
10 77 290
10 78 140
10 79 130
10 80 130
10 81 270
10 82 160
10 83 170
10 84 160
10 85 150
10 86 140
10 87 160
10 88 300
10 89 100
10 90 90
10 91 200
10 92 180
10 93 200
10 94 190
10 95 290
10 96 50
10 97 200
10 98 80
10 99 200
10 100 200
11 11 -11767
11 12 63
11 13 210
11 14 175
11 15 154
11 16 189
11 17 49
11 18 98
11 19 189
11 20 42
11 21 119
11 22 49
11 23 210
11 24 175
11 25 182
11 26 84
11 27 154
11 28 56
11 29 42
11 30 161
11 31 84
11 32 70
11 33 168
11 34 126
11 35 63
11 36 112
11 37 56
11 38 203
11 39 98
11 40 133
11 41 126
11 42 189
11 43 56
11 44 105
11 45 210
11 46 126
11 47 140
11 48 154
11 49 63
11 50 77
11 51 203
11 52 112
11 53 168
11 54 147
11 55 147
11 56 196
11 57 35
11 58 70
11 59 133
11 60 210
11 61 175
11 62 175
11 63 70
11 64 91
11 65 84
11 66 35
11 67 42
11 68 196
11 69 91
11 70 161
11 71 126
11 72 147
11 73 49
11 74 70
11 75 182
11 76 161
11 77 203
11 78 98
11 79 91
11 80 91
11 81 189
11 82 112
11 83 119
11 84 112
11 85 105
11 86 98
11 87 112
11 88 210
11 89 70
11 90 63
11 91 140
11 92 126
11 93 140
11 94 133
11 95 203
11 96 35
11 97 140
11 98 56
11 99 140
11 100 140
12 12 -15111
12 13 270
12 14 225
12 15 198
12 16 243
12 17 63
12 18 126
12 19 243
12 20 54
12 21 153
12 22 63
12 23 270
12 24 225
12 25 234
12 26 108
12 27 198
12 28 72
12 29 54
12 30 207
12 31 108
12 32 90
12 33 216
12 34 162
12 35 81
12 36 144
12 37 72
12 38 261
12 39 126
12 40 171
12 41 162
12 42 243
12 43 72
12 44 135
12 45 270
12 46 162
12 47 180
12 48 198
12 49 81
12 50 99
12 51 261
12 52 144
12 53 216
12 54 189
12 55 189
12 56 252
12 57 45
12 58 90
12 59 171
12 60 270
12 61 225
12 62 225
12 63 90
12 64 117
12 65 108
12 66 45
12 67 54
12 68 252
12 69 117
12 70 207
12 71 162
12 72 189
12 73 63
12 74 90
12 75 234
12 76 207
12 77 261
12 78 126
12 79 117
12 80 117
12 81 243
12 82 144
12 83 153
12 84 144
12 85 135
12 86 126
12 87 144
12 88 270
12 89 90
12 90 81
12 91 180
12 92 162
12 93 180
12 94 171
12 95 261
12 96 45
12 97 180
12 98 72
12 99 180
12 100 180
13 13 -49740
13 14 750
13 15 660
13 16 810
13 17 210
13 18 420
13 19 810
13 20 180
13 21 510
13 22 210
13 23 900
13 24 750
13 25 780
13 26 360
13 27 660
13 28 240
13 29 180
13 30 690
13 31 360
13 32 300
13 33 720
13 34 540
13 35 270
13 36 480
13 37 240
13 38 870
13 39 420
13 40 570
13 41 540
13 42 810
13 43 240
13 44 450
13 45 900
13 46 540
13 47 600
13 48 660
13 49 270
13 50 330
13 51 870
13 52 480
13 53 720
13 54 630
13 55 630
13 56 840
13 57 150
13 58 300
13 59 570
13 60 900
13 61 750
13 62 750
13 63 300
13 64 390
13 65 360
13 66 150
13 67 180
13 68 840
13 69 390
13 70 690
13 71 540
13 72 630
13 73 210
13 74 300
13 75 780
13 76 690
13 77 870
13 78 420
13 79 390
13 80 390
13 81 810
13 82 480
13 83 510
13 84 480
13 85 450
13 86 420
13 87 480
13 88 900
13 89 300
13 90 270
13 91 600
13 92 540
13 93 600
13 94 570
13 95 870
13 96 150
13 97 600
13 98 240
13 99 600
13 100 600
14 14 -41575
14 15 550
14 16 675
14 17 175
14 18 350
14 19 675
14 20 150
14 21 425
14 22 175
14 23 750
14 24 625
14 25 650
14 26 300
14 27 550
14 28 200
14 29 150
14 30 575
14 31 300
14 32 250
14 33 600
14 34 450
14 35 225
14 36 400
14 37 200
14 38 725
14 39 350
14 40 475
14 41 450
14 42 675
14 43 200
14 44 375
14 45 750
14 46 450
14 47 500
14 48 550
14 49 225
14 50 275
14 51 725
14 52 400
14 53 600
14 54 525
14 55 525
14 56 700
14 57 125
14 58 250
14 59 475
14 60 750
14 61 625
14 62 625
14 63 250
14 64 325
14 65 300
14 66 125
14 67 150
14 68 700
14 69 325
14 70 575
14 71 450
14 72 525
14 73 175
14 74 250
14 75 650
14 76 575
14 77 725
14 78 350
14 79 325
14 80 325
14 81 675
14 82 400
14 83 425
14 84 400
14 85 375
14 86 350
14 87 400
14 88 750
14 89 250
14 90 225
14 91 500
14 92 450
14 93 500
14 94 475
14 95 725
14 96 125
14 97 500
14 98 200
14 99 500
14 100 500
15 15 -36652
15 16 594
15 17 154
15 18 308
15 19 594
15 20 132
15 21 374
15 22 154
15 23 660
15 24 550
15 25 572
15 26 264
15 27 484
15 28 176
15 29 132
15 30 506
15 31 264
15 32 220
15 33 528
15 34 396
15 35 198
15 36 352
15 37 176
15 38 638
15 39 308
15 40 418
15 41 396
15 42 594
15 43 176
15 44 330
15 45 660
15 46 396
15 47 440
15 48 484
15 49 198
15 50 242
15 51 638
15 52 352
15 53 528
15 54 462
15 55 462
15 56 616
15 57 110
15 58 220
15 59 418
15 60 660
15 61 550
15 62 550
15 63 220
15 64 286
15 65 264
15 66 110
15 67 132
15 68 616
15 69 286
15 70 506
15 71 396
15 72 462
15 73 154
15 74 220
15 75 572
15 76 506
15 77 638
15 78 308
15 79 286
15 80 286
15 81 594
15 82 352
15 83 374
15 84 352
15 85 330
15 86 308
15 87 352
15 88 660
15 89 220
15 90 198
15 91 440
15 92 396
15 93 440
15 94 418
15 95 638
15 96 110
15 97 440
15 98 176
15 99 440
15 100 440
16 16 -44847
16 17 189
16 18 378
16 19 729
16 20 162
16 21 459
16 22 189
16 23 810
16 24 675
16 25 702
16 26 324
16 27 594
16 28 216
16 29 162
16 30 621
16 31 324
16 32 270
16 33 648
16 34 486
16 35 243
16 36 432
16 37 216
16 38 783
16 39 378
16 40 513
16 41 486
16 42 729
16 43 216
16 44 405
16 45 810
16 46 486
16 47 540
16 48 594
16 49 243
16 50 297
16 51 783
16 52 432
16 53 648
16 54 567
16 55 567
16 56 756
16 57 135
16 58 270
16 59 513
16 60 810
16 61 675
16 62 675
16 63 270
16 64 351
16 65 324
16 66 135
16 67 162
16 68 756
16 69 351
16 70 621
16 71 486
16 72 567
16 73 189
16 74 270
16 75 702
16 76 621
16 77 783
16 78 378
16 79 351
16 80 351
16 81 729
16 82 432
16 83 459
16 84 432
16 85 405
16 86 378
16 87 432
16 88 810
16 89 270
16 90 243
16 91 540
16 92 486
16 93 540
16 94 513
16 95 783
16 96 135
16 97 540
16 98 216
16 99 540
16 100 540
17 17 -11767
17 18 98
17 19 189
17 20 42
17 21 119
17 22 49
17 23 210
17 24 175
17 25 182
17 26 84
17 27 154
17 28 56
17 29 42
17 30 161
17 31 84
17 32 70
17 33 168
17 34 126
17 35 63
17 36 112
17 37 56
17 38 203
17 39 98
17 40 133
17 41 126
17 42 189
17 43 56
17 44 105
17 45 210
17 46 126
17 47 140
17 48 154
17 49 63
17 50 77
17 51 203
17 52 112
17 53 168
17 54 147
17 55 147
17 56 196
17 57 35
17 58 70
17 59 133
17 60 210
17 61 175
17 62 175
17 63 70
17 64 91
17 65 84
17 66 35
17 67 42
17 68 196
17 69 91
17 70 161
17 71 126
17 72 147
17 73 49
17 74 70
17 75 182
17 76 161
17 77 203
17 78 98
17 79 91
17 80 91
17 81 189
17 82 112
17 83 119
17 84 112
17 85 105
17 86 98
17 87 112
17 88 210
17 89 70
17 90 63
17 91 140
17 92 126
17 93 140
17 94 133
17 95 203
17 96 35
17 97 140
17 98 56
17 99 140
17 100 140
18 18 -23436
18 19 378
18 20 84
18 21 238
18 22 98
18 23 420
18 24 350
18 25 364
18 26 168
18 27 308
18 28 112
18 29 84
18 30 322
18 31 168
18 32 140
18 33 336
18 34 252
18 35 126
18 36 224
18 37 112
18 38 406
18 39 196
18 40 266
18 41 252
18 42 378
18 43 112
18 44 210
18 45 420
18 46 252
18 47 280
18 48 308
18 49 126
18 50 154
18 51 406
18 52 224
18 53 336
18 54 294
18 55 294
18 56 392
18 57 70
18 58 140
18 59 266
18 60 420
18 61 350
18 62 350
18 63 140
18 64 182
18 65 168
18 66 70
18 67 84
18 68 392
18 69 182
18 70 322
18 71 252
18 72 294
18 73 98
18 74 140
18 75 364
18 76 322
18 77 406
18 78 196
18 79 182
18 80 182
18 81 378
18 82 224
18 83 238
18 84 224
18 85 210
18 86 196
18 87 224
18 88 420
18 89 140
18 90 126
18 91 280
18 92 252
18 93 280
18 94 266
18 95 406
18 96 70
18 97 280
18 98 112
18 99 280
18 100 280
19 19 -44847
19 20 162
19 21 459
19 22 189
19 23 810
19 24 675
19 25 702
19 26 324
19 27 594
19 28 216
19 29 162
19 30 621
19 31 324
19 32 270
19 33 648
19 34 486
19 35 243
19 36 432
19 37 216
19 38 783
19 39 378
19 40 513
19 41 486
19 42 729
19 43 216
19 44 405
19 45 810
19 46 486
19 47 540
19 48 594
19 49 243
19 50 297
19 51 783
19 52 432
19 53 648
19 54 567
19 55 567
19 56 756
19 57 135
19 58 270
19 59 513
19 60 810
19 61 675
19 62 675
19 63 270
19 64 351
19 65 324
19 66 135
19 67 162
19 68 756
19 69 351
19 70 621
19 71 486
19 72 567
19 73 189
19 74 270
19 75 702
19 76 621
19 77 783
19 78 378
19 79 351
19 80 351
19 81 729
19 82 432
19 83 459
19 84 432
19 85 405
19 86 378
19 87 432
19 88 810
19 89 270
19 90 243
19 91 540
19 92 486
19 93 540
19 94 513
19 95 783
19 96 135
19 97 540
19 98 216
19 99 540
19 100 540
20 20 -10092
20 21 102
20 22 42
20 23 180
20 24 150
20 25 156
20 26 72
20 27 132
20 28 48
20 29 36
20 30 138
20 31 72
20 32 60
20 33 144
20 34 108
20 35 54
20 36 96
20 37 48
20 38 174
20 39 84
20 40 114
20 41 108
20 42 162
20 43 48
20 44 90
20 45 180
20 46 108
20 47 120
20 48 132
20 49 54
20 50 66
20 51 174
20 52 96
20 53 144
20 54 126
20 55 126
20 56 168
20 57 30
20 58 60
20 59 114
20 60 180
20 61 150
20 62 150
20 63 60
20 64 78
20 65 72
20 66 30
20 67 36
20 68 168
20 69 78
20 70 138
20 71 108
20 72 126
20 73 42
20 74 60
20 75 156
20 76 138
20 77 174
20 78 84
20 79 78
20 80 78
20 81 162
20 82 96
20 83 102
20 84 96
20 85 90
20 86 84
20 87 96
20 88 180
20 89 60
20 90 54
20 91 120
20 92 108
20 93 120
20 94 114
20 95 174
20 96 30
20 97 120
20 98 48
20 99 120
20 100 120
21 21 -28407
21 22 119
21 23 510
21 24 425
21 25 442
21 26 204
21 27 374
21 28 136
21 29 102
21 30 391
21 31 204
21 32 170
21 33 408
21 34 306
21 35 153
21 36 272
21 37 136
21 38 493
21 39 238
21 40 323
21 41 306
21 42 459
21 43 136
21 44 255
21 45 510
21 46 306
21 47 340
21 48 374
21 49 153
21 50 187
21 51 493
21 52 272
21 53 408
21 54 357
21 55 357
21 56 476
21 57 85
21 58 170
21 59 323
21 60 510
21 61 425
21 62 425
21 63 170
21 64 221
21 65 204
21 66 85
21 67 102
21 68 476
21 69 221
21 70 391
21 71 306
21 72 357
21 73 119
21 74 170
21 75 442
21 76 391
21 77 493
21 78 238
21 79 221
21 80 221
21 81 459
21 82 272
21 83 289
21 84 272
21 85 255
21 86 238
21 87 272
21 88 510
21 89 170
21 90 153
21 91 340
21 92 306
21 93 340
21 94 323
21 95 493
21 96 85
21 97 340
21 98 136
21 99 340
21 100 340
22 22 -11767
22 23 210
22 24 175
22 25 182
22 26 84
22 27 154
22 28 56
22 29 42
22 30 161
22 31 84
22 32 70
22 33 168
22 34 126
22 35 63
22 36 112
22 37 56
22 38 203
22 39 98
22 40 133
22 41 126
22 42 189
22 43 56
22 44 105
22 45 210
22 46 126
22 47 140
22 48 154
22 49 63
22 50 77
22 51 203
22 52 112
22 53 168
22 54 147
22 55 147
22 56 196
22 57 35
22 58 70
22 59 133
22 60 210
22 61 175
22 62 175
22 63 70
22 64 91
22 65 84
22 66 35
22 67 42
22 68 196
22 69 91
22 70 161
22 71 126
22 72 147
22 73 49
22 74 70
22 75 182
22 76 161
22 77 203
22 78 98
22 79 91
22 80 91
22 81 189
22 82 112
22 83 119
22 84 112
22 85 105
22 86 98
22 87 112
22 88 210
22 89 70
22 90 63
22 91 140
22 92 126
22 93 140
22 94 133
22 95 203
22 96 35
22 97 140
22 98 56
22 99 140
22 100 140
23 23 -49740
23 24 750
23 25 780
23 26 360
23 27 660
23 28 240
23 29 180
23 30 690
23 31 360
23 32 300
23 33 720
23 34 540
23 35 270
23 36 480
23 37 240
23 38 870
23 39 420
23 40 570
23 41 540
23 42 810
23 43 240
23 44 450
23 45 900
23 46 540
23 47 600
23 48 660
23 49 270
23 50 330
23 51 870
23 52 480
23 53 720
23 54 630
23 55 630
23 56 840
23 57 150
23 58 300
23 59 570
23 60 900
23 61 750
23 62 750
23 63 300
23 64 390
23 65 360
23 66 150
23 67 180
23 68 840
23 69 390
23 70 690
23 71 540
23 72 630
23 73 210
23 74 300
23 75 780
23 76 690
23 77 870
23 78 420
23 79 390
23 80 390
23 81 810
23 82 480
23 83 510
23 84 480
23 85 450
23 86 420
23 87 480
23 88 900
23 89 300
23 90 270
23 91 600
23 92 540
23 93 600
23 94 570
23 95 870
23 96 150
23 97 600
23 98 240
23 99 600
23 100 600
24 24 -41575
24 25 650
24 26 300
24 27 550
24 28 200
24 29 150
24 30 575
24 31 300
24 32 250
24 33 600
24 34 450
24 35 225
24 36 400
24 37 200
24 38 725
24 39 350
24 40 475
24 41 450
24 42 675
24 43 200
24 44 375
24 45 750
24 46 450
24 47 500
24 48 550
24 49 225
24 50 275
24 51 725
24 52 400
24 53 600
24 54 525
24 55 525
24 56 700
24 57 125
24 58 250
24 59 475
24 60 750
24 61 625
24 62 625
24 63 250
24 64 325
24 65 300
24 66 125
24 67 150
24 68 700
24 69 325
24 70 575
24 71 450
24 72 525
24 73 175
24 74 250
24 75 650
24 76 575
24 77 725
24 78 350
24 79 325
24 80 325
24 81 675
24 82 400
24 83 425
24 84 400
24 85 375
24 86 350
24 87 400
24 88 750
24 89 250
24 90 225
24 91 500
24 92 450
24 93 500
24 94 475
24 95 725
24 96 125
24 97 500
24 98 200
24 99 500
24 100 500
25 25 -43212
25 26 312
25 27 572
25 28 208
25 29 156
25 30 598
25 31 312
25 32 260
25 33 624
25 34 468
25 35 234
25 36 416
25 37 208
25 38 754
25 39 364
25 40 494
25 41 468
25 42 702
25 43 208
25 44 390
25 45 780
25 46 468
25 47 520
25 48 572
25 49 234
25 50 286
25 51 754
25 52 416
25 53 624
25 54 546
25 55 546
25 56 728
25 57 130
25 58 260
25 59 494
25 60 780
25 61 650
25 62 650
25 63 260
25 64 338
25 65 312
25 66 130
25 67 156
25 68 728
25 69 338
25 70 598
25 71 468
25 72 546
25 73 182
25 74 260
25 75 676
25 76 598
25 77 754
25 78 364
25 79 338
25 80 338
25 81 702
25 82 416
25 83 442
25 84 416
25 85 390
25 86 364
25 87 416
25 88 780
25 89 260
25 90 234
25 91 520
25 92 468
25 93 520
25 94 494
25 95 754
25 96 130
25 97 520
25 98 208
25 99 520
25 100 520
26 26 -20112
26 27 264
26 28 96
26 29 72
26 30 276
26 31 144
26 32 120
26 33 288
26 34 216
26 35 108
26 36 192
26 37 96
26 38 348
26 39 168
26 40 228
26 41 216
26 42 324
26 43 96
26 44 180
26 45 360
26 46 216
26 47 240
26 48 264
26 49 108
26 50 132
26 51 348
26 52 192
26 53 288
26 54 252
26 55 252
26 56 336
26 57 60
26 58 120
26 59 228
26 60 360
26 61 300
26 62 300
26 63 120
26 64 156
26 65 144
26 66 60
26 67 72
26 68 336
26 69 156
26 70 276
26 71 216
26 72 252
26 73 84
26 74 120
26 75 312
26 76 276
26 77 348
26 78 168
26 79 156
26 80 156
26 81 324
26 82 192
26 83 204
26 84 192
26 85 180
26 86 168
26 87 192
26 88 360
26 89 120
26 90 108
26 91 240
26 92 216
26 93 240
26 94 228
26 95 348
26 96 60
26 97 240
26 98 96
26 99 240
26 100 240
27 27 -36652
27 28 176
27 29 132
27 30 506
27 31 264
27 32 220
27 33 528
27 34 396
27 35 198
27 36 352
27 37 176
27 38 638
27 39 308
27 40 418
27 41 396
27 42 594
27 43 176
27 44 330
27 45 660
27 46 396
27 47 440
27 48 484
27 49 198
27 50 242
27 51 638
27 52 352
27 53 528
27 54 462
27 55 462
27 56 616
27 57 110
27 58 220
27 59 418
27 60 660
27 61 550
27 62 550
27 63 220
27 64 286
27 65 264
27 66 110
27 67 132
27 68 616
27 69 286
27 70 506
27 71 396
27 72 462
27 73 154
27 74 220
27 75 572
27 76 506
27 77 638
27 78 308
27 79 286
27 80 286
27 81 594
27 82 352
27 83 374
27 84 352
27 85 330
27 86 308
27 87 352
27 88 660
27 89 220
27 90 198
27 91 440
27 92 396
27 93 440
27 94 418
27 95 638
27 96 110
27 97 440
27 98 176
27 99 440
27 100 440
28 28 -13440
28 29 48
28 30 184
28 31 96
28 32 80
28 33 192
28 34 144
28 35 72
28 36 128
28 37 64
28 38 232
28 39 112
28 40 152
28 41 144
28 42 216
28 43 64
28 44 120
28 45 240
28 46 144
28 47 160
28 48 176
28 49 72
28 50 88
28 51 232
28 52 128
28 53 192
28 54 168
28 55 168
28 56 224
28 57 40
28 58 80
28 59 152
28 60 240
28 61 200
28 62 200
28 63 80
28 64 104
28 65 96
28 66 40
28 67 48
28 68 224
28 69 104
28 70 184
28 71 144
28 72 168
28 73 56
28 74 80
28 75 208
28 76 184
28 77 232
28 78 112
28 79 104
28 80 104
28 81 216
28 82 128
28 83 136
28 84 128
28 85 120
28 86 112
28 87 128
28 88 240
28 89 80
28 90 72
28 91 160
28 92 144
28 93 160
28 94 152
28 95 232
28 96 40
28 97 160
28 98 64
28 99 160
28 100 160
29 29 -10092
29 30 138
29 31 72
29 32 60
29 33 144
29 34 108
29 35 54
29 36 96
29 37 48
29 38 174
29 39 84
29 40 114
29 41 108
29 42 162
29 43 48
29 44 90
29 45 180
29 46 108
29 47 120
29 48 132
29 49 54
29 50 66
29 51 174
29 52 96
29 53 144
29 54 126
29 55 126
29 56 168
29 57 30
29 58 60
29 59 114
29 60 180
29 61 150
29 62 150
29 63 60
29 64 78
29 65 72
29 66 30
29 67 36
29 68 168
29 69 78
29 70 138
29 71 108
29 72 126
29 73 42
29 74 60
29 75 156
29 76 138
29 77 174
29 78 84
29 79 78
29 80 78
29 81 162
29 82 96
29 83 102
29 84 96
29 85 90
29 86 84
29 87 96
29 88 180
29 89 60
29 90 54
29 91 120
29 92 108
29 93 120
29 94 114
29 95 174
29 96 30
29 97 120
29 98 48
29 99 120
29 100 120
30 30 -38295
30 31 276
30 32 230
30 33 552
30 34 414
30 35 207
30 36 368
30 37 184
30 38 667
30 39 322
30 40 437
30 41 414
30 42 621
30 43 184
30 44 345
30 45 690
30 46 414
30 47 460
30 48 506
30 49 207
30 50 253
30 51 667
30 52 368
30 53 552
30 54 483
30 55 483
30 56 644
30 57 115
30 58 230
30 59 437
30 60 690
30 61 575
30 62 575
30 63 230
30 64 299
30 65 276
30 66 115
30 67 138
30 68 644
30 69 299
30 70 529
30 71 414
30 72 483
30 73 161
30 74 230
30 75 598
30 76 529
30 77 667
30 78 322
30 79 299
30 80 299
30 81 621
30 82 368
30 83 391
30 84 368
30 85 345
30 86 322
30 87 368
30 88 690
30 89 230
30 90 207
30 91 460
30 92 414
30 93 460
30 94 437
30 95 667
30 96 115
30 97 460
30 98 184
30 99 460
30 100 460
31 31 -20112
31 32 120
31 33 288
31 34 216
31 35 108
31 36 192
31 37 96
31 38 348
31 39 168
31 40 228
31 41 216
31 42 324
31 43 96
31 44 180
31 45 360
31 46 216
31 47 240
31 48 264
31 49 108
31 50 132
31 51 348
31 52 192
31 53 288
31 54 252
31 55 252
31 56 336
31 57 60
31 58 120
31 59 228
31 60 360
31 61 300
31 62 300
31 63 120
31 64 156
31 65 144
31 66 60
31 67 72
31 68 336
31 69 156
31 70 276
31 71 216
31 72 252
31 73 84
31 74 120
31 75 312
31 76 276
31 77 348
31 78 168
31 79 156
31 80 156
31 81 324
31 82 192
31 83 204
31 84 192
31 85 180
31 86 168
31 87 192
31 88 360
31 89 120
31 90 108
31 91 240
31 92 216
31 93 240
31 94 228
31 95 348
31 96 60
31 97 240
31 98 96
31 99 240
31 100 240
32 32 -16780
32 33 240
32 34 180
32 35 90
32 36 160
32 37 80
32 38 290
32 39 140
32 40 190
32 41 180
32 42 270
32 43 80
32 44 150
32 45 300
32 46 180
32 47 200
32 48 220
32 49 90
32 50 110
32 51 290
32 52 160
32 53 240
32 54 210
32 55 210
32 56 280
32 57 50
32 58 100
32 59 190
32 60 300
32 61 250
32 62 250
32 63 100
32 64 130
32 65 120
32 66 50
32 67 60
32 68 280
32 69 130
32 70 230
32 71 180
32 72 210
32 73 70
32 74 100
32 75 260
32 76 230
32 77 290
32 78 140
32 79 130
32 80 130
32 81 270
32 82 160
32 83 170
32 84 160
32 85 150
32 86 140
32 87 160
32 88 300
32 89 100
32 90 90
32 91 200
32 92 180
32 93 200
32 94 190
32 95 290
32 96 50
32 97 200
32 98 80
32 99 200
32 100 200
33 33 -39936
33 34 432
33 35 216
33 36 384
33 37 192
33 38 696
33 39 336
33 40 456
33 41 432
33 42 648
33 43 192
33 44 360
33 45 720
33 46 432
33 47 480
33 48 528
33 49 216
33 50 264
33 51 696
33 52 384
33 53 576
33 54 504
33 55 504
33 56 672
33 57 120
33 58 240
33 59 456
33 60 720
33 61 600
33 62 600
33 63 240
33 64 312
33 65 288
33 66 120
33 67 144
33 68 672
33 69 312
33 70 552
33 71 432
33 72 504
33 73 168
33 74 240
33 75 624
33 76 552
33 77 696
33 78 336
33 79 312
33 80 312
33 81 648
33 82 384
33 83 408
33 84 384
33 85 360
33 86 336
33 87 384
33 88 720
33 89 240
33 90 216
33 91 480
33 92 432
33 93 480
33 94 456
33 95 696
33 96 120
33 97 480
33 98 192
33 99 480
33 100 480
34 34 -30060
34 35 162
34 36 288
34 37 144
34 38 522
34 39 252
34 40 342
34 41 324
34 42 486
34 43 144
34 44 270
34 45 540
34 46 324
34 47 360
34 48 396
34 49 162
34 50 198
34 51 522
34 52 288
34 53 432
34 54 378
34 55 378
34 56 504
34 57 90
34 58 180
34 59 342
34 60 540
34 61 450
34 62 450
34 63 180
34 64 234
34 65 216
34 66 90
34 67 108
34 68 504
34 69 234
34 70 414
34 71 324
34 72 378
34 73 126
34 74 180
34 75 468
34 76 414
34 77 522
34 78 252
34 79 234
34 80 234
34 81 486
34 82 288
34 83 306
34 84 288
34 85 270
34 86 252
34 87 288
34 88 540
34 89 180
34 90 162
34 91 360
34 92 324
34 93 360
34 94 342
34 95 522
34 96 90
34 97 360
34 98 144
34 99 360
34 100 360
35 35 -15111
35 36 144
35 37 72
35 38 261
35 39 126
35 40 171
35 41 162
35 42 243
35 43 72
35 44 135
35 45 270
35 46 162
35 47 180
35 48 198
35 49 81
35 50 99
35 51 261
35 52 144
35 53 216
35 54 189
35 55 189
35 56 252
35 57 45
35 58 90
35 59 171
35 60 270
35 61 225
35 62 225
35 63 90
35 64 117
35 65 108
35 66 45
35 67 54
35 68 252
35 69 117
35 70 207
35 71 162
35 72 189
35 73 63
35 74 90
35 75 234
35 76 207
35 77 261
35 78 126
35 79 117
35 80 117
35 81 243
35 82 144
35 83 153
35 84 144
35 85 135
35 86 126
35 87 144
35 88 270
35 89 90
35 90 81
35 91 180
35 92 162
35 93 180
35 94 171
35 95 261
35 96 45
35 97 180
35 98 72
35 99 180
35 100 180
36 36 -26752
36 37 128
36 38 464
36 39 224
36 40 304
36 41 288
36 42 432
36 43 128
36 44 240
36 45 480
36 46 288
36 47 320
36 48 352
36 49 144
36 50 176
36 51 464
36 52 256
36 53 384
36 54 336
36 55 336
36 56 448
36 57 80
36 58 160
36 59 304
36 60 480
36 61 400
36 62 400
36 63 160
36 64 208
36 65 192
36 66 80
36 67 96
36 68 448
36 69 208
36 70 368
36 71 288
36 72 336
36 73 112
36 74 160
36 75 416
36 76 368
36 77 464
36 78 224
36 79 208
36 80 208
36 81 432
36 82 256
36 83 272
36 84 256
36 85 240
36 86 224
36 87 256
36 88 480
36 89 160
36 90 144
36 91 320
36 92 288
36 93 320
36 94 304
36 95 464
36 96 80
36 97 320
36 98 128
36 99 320
36 100 320
37 37 -13440
37 38 232
37 39 112
37 40 152
37 41 144
37 42 216
37 43 64
37 44 120
37 45 240
37 46 144
37 47 160
37 48 176
37 49 72
37 50 88
37 51 232
37 52 128
37 53 192
37 54 168
37 55 168
37 56 224
37 57 40
37 58 80
37 59 152
37 60 240
37 61 200
37 62 200
37 63 80
37 64 104
37 65 96
37 66 40
37 67 48
37 68 224
37 69 104
37 70 184
37 71 144
37 72 168
37 73 56
37 74 80
37 75 208
37 76 184
37 77 232
37 78 112
37 79 104
37 80 104
37 81 216
37 82 128
37 83 136
37 84 128
37 85 120
37 86 112
37 87 128
37 88 240
37 89 80
37 90 72
37 91 160
37 92 144
37 93 160
37 94 152
37 95 232
37 96 40
37 97 160
37 98 64
37 99 160
37 100 160
38 38 -48111
38 39 406
38 40 551
38 41 522
38 42 783
38 43 232
38 44 435
38 45 870
38 46 522
38 47 580
38 48 638
38 49 261
38 50 319
38 51 841
38 52 464
38 53 696
38 54 609
38 55 609
38 56 812
38 57 145
38 58 290
38 59 551
38 60 870
38 61 725
38 62 725
38 63 290
38 64 377
38 65 348
38 66 145
38 67 174
38 68 812
38 69 377
38 70 667
38 71 522
38 72 609
38 73 203
38 74 290
38 75 754
38 76 667
38 77 841
38 78 406
38 79 377
38 80 377
38 81 783
38 82 464
38 83 493
38 84 464
38 85 435
38 86 406
38 87 464
38 88 870
38 89 290
38 90 261
38 91 580
38 92 522
38 93 580
38 94 551
38 95 841
38 96 145
38 97 580
38 98 232
38 99 580
38 100 580
39 39 -23436
39 40 266
39 41 252
39 42 378
39 43 112
39 44 210
39 45 420
39 46 252
39 47 280
39 48 308
39 49 126
39 50 154
39 51 406
39 52 224
39 53 336
39 54 294
39 55 294
39 56 392
39 57 70
39 58 140
39 59 266
39 60 420
39 61 350
39 62 350
39 63 140
39 64 182
39 65 168
39 66 70
39 67 84
39 68 392
39 69 182
39 70 322
39 71 252
39 72 294
39 73 98
39 74 140
39 75 364
39 76 322
39 77 406
39 78 196
39 79 182
39 80 182
39 81 378
39 82 224
39 83 238
39 84 224
39 85 210
39 86 196
39 87 224
39 88 420
39 89 140
39 90 126
39 91 280
39 92 252
39 93 280
39 94 266
39 95 406
39 96 70
39 97 280
39 98 112
39 99 280
39 100 280
40 40 -31711
40 41 342
40 42 513
40 43 152
40 44 285
40 45 570
40 46 342
40 47 380
40 48 418
40 49 171
40 50 209
40 51 551
40 52 304
40 53 456
40 54 399
40 55 399
40 56 532
40 57 95
40 58 190
40 59 361
40 60 570
40 61 475
40 62 475
40 63 190
40 64 247
40 65 228
40 66 95
40 67 114
40 68 532
40 69 247
40 70 437
40 71 342
40 72 399
40 73 133
40 74 190
40 75 494
40 76 437
40 77 551
40 78 266
40 79 247
40 80 247
40 81 513
40 82 304
40 83 323
40 84 304
40 85 285
40 86 266
40 87 304
40 88 570
40 89 190
40 90 171
40 91 380
40 92 342
40 93 380
40 94 361
40 95 551
40 96 95
40 97 380
40 98 152
40 99 380
40 100 380
41 41 -30060
41 42 486
41 43 144
41 44 270
41 45 540
41 46 324
41 47 360
41 48 396
41 49 162
41 50 198
41 51 522
41 52 288
41 53 432
41 54 378
41 55 378
41 56 504
41 57 90
41 58 180
41 59 342
41 60 540
41 61 450
41 62 450
41 63 180
41 64 234
41 65 216
41 66 90
41 67 108
41 68 504
41 69 234
41 70 414
41 71 324
41 72 378
41 73 126
41 74 180
41 75 468
41 76 414
41 77 522
41 78 252
41 79 234
41 80 234
41 81 486
41 82 288
41 83 306
41 84 288
41 85 270
41 86 252
41 87 288
41 88 540
41 89 180
41 90 162
41 91 360
41 92 324
41 93 360
41 94 342
41 95 522
41 96 90
41 97 360
41 98 144
41 99 360
41 100 360
42 42 -44847
42 43 216
42 44 405
42 45 810
42 46 486
42 47 540
42 48 594
42 49 243
42 50 297
42 51 783
42 52 432
42 53 648
42 54 567
42 55 567
42 56 756
42 57 135
42 58 270
42 59 513
42 60 810
42 61 675
42 62 675
42 63 270
42 64 351
42 65 324
42 66 135
42 67 162
42 68 756
42 69 351
42 70 621
42 71 486
42 72 567
42 73 189
42 74 270
42 75 702
42 76 621
42 77 783
42 78 378
42 79 351
42 80 351
42 81 729
42 82 432
42 83 459
42 84 432
42 85 405
42 86 378
42 87 432
42 88 810
42 89 270
42 90 243
42 91 540
42 92 486
42 93 540
42 94 513
42 95 783
42 96 135
42 97 540
42 98 216
42 99 540
42 100 540
43 43 -13440
43 44 120
43 45 240
43 46 144
43 47 160
43 48 176
43 49 72
43 50 88
43 51 232
43 52 128
43 53 192
43 54 168
43 55 168
43 56 224
43 57 40
43 58 80
43 59 152
43 60 240
43 61 200
43 62 200
43 63 80
43 64 104
43 65 96
43 66 40
43 67 48
43 68 224
43 69 104
43 70 184
43 71 144
43 72 168
43 73 56
43 74 80
43 75 208
43 76 184
43 77 232
43 78 112
43 79 104
43 80 104
43 81 216
43 82 128
43 83 136
43 84 128
43 85 120
43 86 112
43 87 128
43 88 240
43 89 80
43 90 72
43 91 160
43 92 144
43 93 160
43 94 152
43 95 232
43 96 40
43 97 160
43 98 64
43 99 160
43 100 160
44 44 -25095
44 45 450
44 46 270
44 47 300
44 48 330
44 49 135
44 50 165
44 51 435
44 52 240
44 53 360
44 54 315
44 55 315
44 56 420
44 57 75
44 58 150
44 59 285
44 60 450
44 61 375
44 62 375
44 63 150
44 64 195
44 65 180
44 66 75
44 67 90
44 68 420
44 69 195
44 70 345
44 71 270
44 72 315
44 73 105
44 74 150
44 75 390
44 76 345
44 77 435
44 78 210
44 79 195
44 80 195
44 81 405
44 82 240
44 83 255
44 84 240
44 85 225
44 86 210
44 87 240
44 88 450
44 89 150
44 90 135
44 91 300
44 92 270
44 93 300
44 94 285
44 95 435
44 96 75
44 97 300
44 98 120
44 99 300
44 100 300
45 45 -49740
45 46 540
45 47 600
45 48 660
45 49 270
45 50 330
45 51 870
45 52 480
45 53 720
45 54 630
45 55 630
45 56 840
45 57 150
45 58 300
45 59 570
45 60 900
45 61 750
45 62 750
45 63 300
45 64 390
45 65 360
45 66 150
45 67 180
45 68 840
45 69 390
45 70 690
45 71 540
45 72 630
45 73 210
45 74 300
45 75 780
45 76 690
45 77 870
45 78 420
45 79 390
45 80 390
45 81 810
45 82 480
45 83 510
45 84 480
45 85 450
45 86 420
45 87 480
45 88 900
45 89 300
45 90 270
45 91 600
45 92 540
45 93 600
45 94 570
45 95 870
45 96 150
45 97 600
45 98 240
45 99 600
45 100 600
46 46 -30060
46 47 360
46 48 396
46 49 162
46 50 198
46 51 522
46 52 288
46 53 432
46 54 378
46 55 378
46 56 504
46 57 90
46 58 180
46 59 342
46 60 540
46 61 450
46 62 450
46 63 180
46 64 234
46 65 216
46 66 90
46 67 108
46 68 504
46 69 234
46 70 414
46 71 324
46 72 378
46 73 126
46 74 180
46 75 468
46 76 414
46 77 522
46 78 252
46 79 234
46 80 234
46 81 486
46 82 288
46 83 306
46 84 288
46 85 270
46 86 252
46 87 288
46 88 540
46 89 180
46 90 162
46 91 360
46 92 324
46 93 360
46 94 342
46 95 522
46 96 90
46 97 360
46 98 144
46 99 360
46 100 360
47 47 -33360
47 48 440
47 49 180
47 50 220
47 51 580
47 52 320
47 53 480
47 54 420
47 55 420
47 56 560
47 57 100
47 58 200
47 59 380
47 60 600
47 61 500
47 62 500
47 63 200
47 64 260
47 65 240
47 66 100
47 67 120
47 68 560
47 69 260
47 70 460
47 71 360
47 72 420
47 73 140
47 74 200
47 75 520
47 76 460
47 77 580
47 78 280
47 79 260
47 80 260
47 81 540
47 82 320
47 83 340
47 84 320
47 85 300
47 86 280
47 87 320
47 88 600
47 89 200
47 90 180
47 91 400
47 92 360
47 93 400
47 94 380
47 95 580
47 96 100
47 97 400
47 98 160
47 99 400
47 100 400
48 48 -36652
48 49 198
48 50 242
48 51 638
48 52 352
48 53 528
48 54 462
48 55 462
48 56 616
48 57 110
48 58 220
48 59 418
48 60 660
48 61 550
48 62 550
48 63 220
48 64 286
48 65 264
48 66 110
48 67 132
48 68 616
48 69 286
48 70 506
48 71 396
48 72 462
48 73 154
48 74 220
48 75 572
48 76 506
48 77 638
48 78 308
48 79 286
48 80 286
48 81 594
48 82 352
48 83 374
48 84 352
48 85 330
48 86 308
48 87 352
48 88 660
48 89 220
48 90 198
48 91 440
48 92 396
48 93 440
48 94 418
48 95 638
48 96 110
48 97 440
48 98 176
48 99 440
48 100 440
49 49 -15111
49 50 99
49 51 261
49 52 144
49 53 216
49 54 189
49 55 189
49 56 252
49 57 45
49 58 90
49 59 171
49 60 270
49 61 225
49 62 225
49 63 90
49 64 117
49 65 108
49 66 45
49 67 54
49 68 252
49 69 117
49 70 207
49 71 162
49 72 189
49 73 63
49 74 90
49 75 234
49 76 207
49 77 261
49 78 126
49 79 117
49 80 117
49 81 243
49 82 144
49 83 153
49 84 144
49 85 135
49 86 126
49 87 144
49 88 270
49 89 90
49 90 81
49 91 180
49 92 162
49 93 180
49 94 171
49 95 261
49 96 45
49 97 180
49 98 72
49 99 180
49 100 180
50 50 -18447
50 51 319
50 52 176
50 53 264
50 54 231
50 55 231
50 56 308
50 57 55
50 58 110
50 59 209
50 60 330
50 61 275
50 62 275
50 63 110
50 64 143
50 65 132
50 66 55
50 67 66
50 68 308
50 69 143
50 70 253
50 71 198
50 72 231
50 73 77
50 74 110
50 75 286
50 76 253
50 77 319
50 78 154
50 79 143
50 80 143
50 81 297
50 82 176
50 83 187
50 84 176
50 85 165
50 86 154
50 87 176
50 88 330
50 89 110
50 90 99
50 91 220
50 92 198
50 93 220
50 94 209
50 95 319
50 96 55
50 97 220
50 98 88
50 99 220
50 100 220
51 51 -48111
51 52 464
51 53 696
51 54 609
51 55 609
51 56 812
51 57 145
51 58 290
51 59 551
51 60 870
51 61 725
51 62 725
51 63 290
51 64 377
51 65 348
51 66 145
51 67 174
51 68 812
51 69 377
51 70 667
51 71 522
51 72 609
51 73 203
51 74 290
51 75 754
51 76 667
51 77 841
51 78 406
51 79 377
51 80 377
51 81 783
51 82 464
51 83 493
51 84 464
51 85 435
51 86 406
51 87 464
51 88 870
51 89 290
51 90 261
51 91 580
51 92 522
51 93 580
51 94 551
51 95 841
51 96 145
51 97 580
51 98 232
51 99 580
51 100 580
52 52 -26752
52 53 384
52 54 336
52 55 336
52 56 448
52 57 80
52 58 160
52 59 304
52 60 480
52 61 400
52 62 400
52 63 160
52 64 208
52 65 192
52 66 80
52 67 96
52 68 448
52 69 208
52 70 368
52 71 288
52 72 336
52 73 112
52 74 160
52 75 416
52 76 368
52 77 464
52 78 224
52 79 208
52 80 208
52 81 432
52 82 256
52 83 272
52 84 256
52 85 240
52 86 224
52 87 256
52 88 480
52 89 160
52 90 144
52 91 320
52 92 288
52 93 320
52 94 304
52 95 464
52 96 80
52 97 320
52 98 128
52 99 320
52 100 320
53 53 -39936
53 54 504
53 55 504
53 56 672
53 57 120
53 58 240
53 59 456
53 60 720
53 61 600
53 62 600
53 63 240
53 64 312
53 65 288
53 66 120
53 67 144
53 68 672
53 69 312
53 70 552
53 71 432
53 72 504
53 73 168
53 74 240
53 75 624
53 76 552
53 77 696
53 78 336
53 79 312
53 80 312
53 81 648
53 82 384
53 83 408
53 84 384
53 85 360
53 86 336
53 87 384
53 88 720
53 89 240
53 90 216
53 91 480
53 92 432
53 93 480
53 94 456
53 95 696
53 96 120
53 97 480
53 98 192
53 99 480
53 100 480
54 54 -35007
54 55 441
54 56 588
54 57 105
54 58 210
54 59 399
54 60 630
54 61 525
54 62 525
54 63 210
54 64 273
54 65 252
54 66 105
54 67 126
54 68 588
54 69 273
54 70 483
54 71 378
54 72 441
54 73 147
54 74 210
54 75 546
54 76 483
54 77 609
54 78 294
54 79 273
54 80 273
54 81 567
54 82 336
54 83 357
54 84 336
54 85 315
54 86 294
54 87 336
54 88 630
54 89 210
54 90 189
54 91 420
54 92 378
54 93 420
54 94 399
54 95 609
54 96 105
54 97 420
54 98 168
54 99 420
54 100 420
55 55 -35007
55 56 588
55 57 105
55 58 210
55 59 399
55 60 630
55 61 525
55 62 525
55 63 210
55 64 273
55 65 252
55 66 105
55 67 126
55 68 588
55 69 273
55 70 483
55 71 378
55 72 441
55 73 147
55 74 210
55 75 546
55 76 483
55 77 609
55 78 294
55 79 273
55 80 273
55 81 567
55 82 336
55 83 357
55 84 336
55 85 315
55 86 294
55 87 336
55 88 630
55 89 210
55 90 189
55 91 420
55 92 378
55 93 420
55 94 399
55 95 609
55 96 105
55 97 420
55 98 168
55 99 420
55 100 420
56 56 -46480
56 57 140
56 58 280
56 59 532
56 60 840
56 61 700
56 62 700
56 63 280
56 64 364
56 65 336
56 66 140
56 67 168
56 68 784
56 69 364
56 70 644
56 71 504
56 72 588
56 73 196
56 74 280
56 75 728
56 76 644
56 77 812
56 78 392
56 79 364
56 80 364
56 81 756
56 82 448
56 83 476
56 84 448
56 85 420
56 86 392
56 87 448
56 88 840
56 89 280
56 90 252
56 91 560
56 92 504
56 93 560
56 94 532
56 95 812
56 96 140
56 97 560
56 98 224
56 99 560
56 100 560
57 57 -8415
57 58 50
57 59 95
57 60 150
57 61 125
57 62 125
57 63 50
57 64 65
57 65 60
57 66 25
57 67 30
57 68 140
57 69 65
57 70 115
57 71 90
57 72 105
57 73 35
57 74 50
57 75 130
57 76 115
57 77 145
57 78 70
57 79 65
57 80 65
57 81 135
57 82 80
57 83 85
57 84 80
57 85 75
57 86 70
57 87 80
57 88 150
57 89 50
57 90 45
57 91 100
57 92 90
57 93 100
57 94 95
57 95 145
57 96 25
57 97 100
57 98 40
57 99 100
57 100 100
58 58 -16780
58 59 190
58 60 300
58 61 250
58 62 250
58 63 100
58 64 130
58 65 120
58 66 50
58 67 60
58 68 280
58 69 130
58 70 230
58 71 180
58 72 210
58 73 70
58 74 100
58 75 260
58 76 230
58 77 290
58 78 140
58 79 130
58 80 130
58 81 270
58 82 160
58 83 170
58 84 160
58 85 150
58 86 140
58 87 160
58 88 300
58 89 100
58 90 90
58 91 200
58 92 180
58 93 200
58 94 190
58 95 290
58 96 50
58 97 200
58 98 80
58 99 200
58 100 200
59 59 -31711
59 60 570
59 61 475
59 62 475
59 63 190
59 64 247
59 65 228
59 66 95
59 67 114
59 68 532
59 69 247
59 70 437
59 71 342
59 72 399
59 73 133
59 74 190
59 75 494
59 76 437
59 77 551
59 78 266
59 79 247
59 80 247
59 81 513
59 82 304
59 83 323
59 84 304
59 85 285
59 86 266
59 87 304
59 88 570
59 89 190
59 90 171
59 91 380
59 92 342
59 93 380
59 94 361
59 95 551
59 96 95
59 97 380
59 98 152
59 99 380
59 100 380
60 60 -49740
60 61 750
60 62 750
60 63 300
60 64 390
60 65 360
60 66 150
60 67 180
60 68 840
60 69 390
60 70 690
60 71 540
60 72 630
60 73 210
60 74 300
60 75 780
60 76 690
60 77 870
60 78 420
60 79 390
60 80 390
60 81 810
60 82 480
60 83 510
60 84 480
60 85 450
60 86 420
60 87 480
60 88 900
60 89 300
60 90 270
60 91 600
60 92 540
60 93 600
60 94 570
60 95 870
60 96 150
60 97 600
60 98 240
60 99 600
60 100 600
61 61 -41575
61 62 625
61 63 250
61 64 325
61 65 300
61 66 125
61 67 150
61 68 700
61 69 325
61 70 575
61 71 450
61 72 525
61 73 175
61 74 250
61 75 650
61 76 575
61 77 725
61 78 350
61 79 325
61 80 325
61 81 675
61 82 400
61 83 425
61 84 400
61 85 375
61 86 350
61 87 400
61 88 750
61 89 250
61 90 225
61 91 500
61 92 450
61 93 500
61 94 475
61 95 725
61 96 125
61 97 500
61 98 200
61 99 500
61 100 500
62 62 -41575
62 63 250
62 64 325
62 65 300
62 66 125
62 67 150
62 68 700
62 69 325
62 70 575
62 71 450
62 72 525
62 73 175
62 74 250
62 75 650
62 76 575
62 77 725
62 78 350
62 79 325
62 80 325
62 81 675
62 82 400
62 83 425
62 84 400
62 85 375
62 86 350
62 87 400
62 88 750
62 89 250
62 90 225
62 91 500
62 92 450
62 93 500
62 94 475
62 95 725
62 96 125
62 97 500
62 98 200
62 99 500
62 100 500
63 63 -16780
63 64 130
63 65 120
63 66 50
63 67 60
63 68 280
63 69 130
63 70 230
63 71 180
63 72 210
63 73 70
63 74 100
63 75 260
63 76 230
63 77 290
63 78 140
63 79 130
63 80 130
63 81 270
63 82 160
63 83 170
63 84 160
63 85 150
63 86 140
63 87 160
63 88 300
63 89 100
63 90 90
63 91 200
63 92 180
63 93 200
63 94 190
63 95 290
63 96 50
63 97 200
63 98 80
63 99 200
63 100 200
64 64 -21775
64 65 156
64 66 65
64 67 78
64 68 364
64 69 169
64 70 299
64 71 234
64 72 273
64 73 91
64 74 130
64 75 338
64 76 299
64 77 377
64 78 182
64 79 169
64 80 169
64 81 351
64 82 208
64 83 221
64 84 208
64 85 195
64 86 182
64 87 208
64 88 390
64 89 130
64 90 117
64 91 260
64 92 234
64 93 260
64 94 247
64 95 377
64 96 65
64 97 260
64 98 104
64 99 260
64 100 260
65 65 -20112
65 66 60
65 67 72
65 68 336
65 69 156
65 70 276
65 71 216
65 72 252
65 73 84
65 74 120
65 75 312
65 76 276
65 77 348
65 78 168
65 79 156
65 80 156
65 81 324
65 82 192
65 83 204
65 84 192
65 85 180
65 86 168
65 87 192
65 88 360
65 89 120
65 90 108
65 91 240
65 92 216
65 93 240
65 94 228
65 95 348
65 96 60
65 97 240
65 98 96
65 99 240
65 100 240
66 66 -8415
66 67 30
66 68 140
66 69 65
66 70 115
66 71 90
66 72 105
66 73 35
66 74 50
66 75 130
66 76 115
66 77 145
66 78 70
66 79 65
66 80 65
66 81 135
66 82 80
66 83 85
66 84 80
66 85 75
66 86 70
66 87 80
66 88 150
66 89 50
66 90 45
66 91 100
66 92 90
66 93 100
66 94 95
66 95 145
66 96 25
66 97 100
66 98 40
66 99 100
66 100 100
67 67 -10092
67 68 168
67 69 78
67 70 138
67 71 108
67 72 126
67 73 42
67 74 60
67 75 156
67 76 138
67 77 174
67 78 84
67 79 78
67 80 78
67 81 162
67 82 96
67 83 102
67 84 96
67 85 90
67 86 84
67 87 96
67 88 180
67 89 60
67 90 54
67 91 120
67 92 108
67 93 120
67 94 114
67 95 174
67 96 30
67 97 120
67 98 48
67 99 120
67 100 120
68 68 -46480
68 69 364
68 70 644
68 71 504
68 72 588
68 73 196
68 74 280
68 75 728
68 76 644
68 77 812
68 78 392
68 79 364
68 80 364
68 81 756
68 82 448
68 83 476
68 84 448
68 85 420
68 86 392
68 87 448
68 88 840
68 89 280
68 90 252
68 91 560
68 92 504
68 93 560
68 94 532
68 95 812
68 96 140
68 97 560
68 98 224
68 99 560
68 100 560
69 69 -21775
69 70 299
69 71 234
69 72 273
69 73 91
69 74 130
69 75 338
69 76 299
69 77 377
69 78 182
69 79 169
69 80 169
69 81 351
69 82 208
69 83 221
69 84 208
69 85 195
69 86 182
69 87 208
69 88 390
69 89 130
69 90 117
69 91 260
69 92 234
69 93 260
69 94 247
69 95 377
69 96 65
69 97 260
69 98 104
69 99 260
69 100 260
70 70 -38295
70 71 414
70 72 483
70 73 161
70 74 230
70 75 598
70 76 529
70 77 667
70 78 322
70 79 299
70 80 299
70 81 621
70 82 368
70 83 391
70 84 368
70 85 345
70 86 322
70 87 368
70 88 690
70 89 230
70 90 207
70 91 460
70 92 414
70 93 460
70 94 437
70 95 667
70 96 115
70 97 460
70 98 184
70 99 460
70 100 460
71 71 -30060
71 72 378
71 73 126
71 74 180
71 75 468
71 76 414
71 77 522
71 78 252
71 79 234
71 80 234
71 81 486
71 82 288
71 83 306
71 84 288
71 85 270
71 86 252
71 87 288
71 88 540
71 89 180
71 90 162
71 91 360
71 92 324
71 93 360
71 94 342
71 95 522
71 96 90
71 97 360
71 98 144
71 99 360
71 100 360
72 72 -35007
72 73 147
72 74 210
72 75 546
72 76 483
72 77 609
72 78 294
72 79 273
72 80 273
72 81 567
72 82 336
72 83 357
72 84 336
72 85 315
72 86 294
72 87 336
72 88 630
72 89 210
72 90 189
72 91 420
72 92 378
72 93 420
72 94 399
72 95 609
72 96 105
72 97 420
72 98 168
72 99 420
72 100 420
73 73 -11767
73 74 70
73 75 182
73 76 161
73 77 203
73 78 98
73 79 91
73 80 91
73 81 189
73 82 112
73 83 119
73 84 112
73 85 105
73 86 98
73 87 112
73 88 210
73 89 70
73 90 63
73 91 140
73 92 126
73 93 140
73 94 133
73 95 203
73 96 35
73 97 140
73 98 56
73 99 140
73 100 140
74 74 -16780
74 75 260
74 76 230
74 77 290
74 78 140
74 79 130
74 80 130
74 81 270
74 82 160
74 83 170
74 84 160
74 85 150
74 86 140
74 87 160
74 88 300
74 89 100
74 90 90
74 91 200
74 92 180
74 93 200
74 94 190
74 95 290
74 96 50
74 97 200
74 98 80
74 99 200
74 100 200
75 75 -43212
75 76 598
75 77 754
75 78 364
75 79 338
75 80 338
75 81 702
75 82 416
75 83 442
75 84 416
75 85 390
75 86 364
75 87 416
75 88 780
75 89 260
75 90 234
75 91 520
75 92 468
75 93 520
75 94 494
75 95 754
75 96 130
75 97 520
75 98 208
75 99 520
75 100 520
76 76 -38295
76 77 667
76 78 322
76 79 299
76 80 299
76 81 621
76 82 368
76 83 391
76 84 368
76 85 345
76 86 322
76 87 368
76 88 690
76 89 230
76 90 207
76 91 460
76 92 414
76 93 460
76 94 437
76 95 667
76 96 115
76 97 460
76 98 184
76 99 460
76 100 460
77 77 -48111
77 78 406
77 79 377
77 80 377
77 81 783
77 82 464
77 83 493
77 84 464
77 85 435
77 86 406
77 87 464
77 88 870
77 89 290
77 90 261
77 91 580
77 92 522
77 93 580
77 94 551
77 95 841
77 96 145
77 97 580
77 98 232
77 99 580
77 100 580
78 78 -23436
78 79 182
78 80 182
78 81 378
78 82 224
78 83 238
78 84 224
78 85 210
78 86 196
78 87 224
78 88 420
78 89 140
78 90 126
78 91 280
78 92 252
78 93 280
78 94 266
78 95 406
78 96 70
78 97 280
78 98 112
78 99 280
78 100 280
79 79 -21775
79 80 169
79 81 351
79 82 208
79 83 221
79 84 208
79 85 195
79 86 182
79 87 208
79 88 390
79 89 130
79 90 117
79 91 260
79 92 234
79 93 260
79 94 247
79 95 377
79 96 65
79 97 260
79 98 104
79 99 260
79 100 260
80 80 -21775
80 81 351
80 82 208
80 83 221
80 84 208
80 85 195
80 86 182
80 87 208
80 88 390
80 89 130
80 90 117
80 91 260
80 92 234
80 93 260
80 94 247
80 95 377
80 96 65
80 97 260
80 98 104
80 99 260
80 100 260
81 81 -44847
81 82 432
81 83 459
81 84 432
81 85 405
81 86 378
81 87 432
81 88 810
81 89 270
81 90 243
81 91 540
81 92 486
81 93 540
81 94 513
81 95 783
81 96 135
81 97 540
81 98 216
81 99 540
81 100 540
82 82 -26752
82 83 272
82 84 256
82 85 240
82 86 224
82 87 256
82 88 480
82 89 160
82 90 144
82 91 320
82 92 288
82 93 320
82 94 304
82 95 464
82 96 80
82 97 320
82 98 128
82 99 320
82 100 320
83 83 -28407
83 84 272
83 85 255
83 86 238
83 87 272
83 88 510
83 89 170
83 90 153
83 91 340
83 92 306
83 93 340
83 94 323
83 95 493
83 96 85
83 97 340
83 98 136
83 99 340
83 100 340
84 84 -26752
84 85 240
84 86 224
84 87 256
84 88 480
84 89 160
84 90 144
84 91 320
84 92 288
84 93 320
84 94 304
84 95 464
84 96 80
84 97 320
84 98 128
84 99 320
84 100 320
85 85 -25095
85 86 210
85 87 240
85 88 450
85 89 150
85 90 135
85 91 300
85 92 270
85 93 300
85 94 285
85 95 435
85 96 75
85 97 300
85 98 120
85 99 300
85 100 300
86 86 -23436
86 87 224
86 88 420
86 89 140
86 90 126
86 91 280
86 92 252
86 93 280
86 94 266
86 95 406
86 96 70
86 97 280
86 98 112
86 99 280
86 100 280
87 87 -26752
87 88 480
87 89 160
87 90 144
87 91 320
87 92 288
87 93 320
87 94 304
87 95 464
87 96 80
87 97 320
87 98 128
87 99 320
87 100 320
88 88 -49740
88 89 300
88 90 270
88 91 600
88 92 540
88 93 600
88 94 570
88 95 870
88 96 150
88 97 600
88 98 240
88 99 600
88 100 600
89 89 -16780
89 90 90
89 91 200
89 92 180
89 93 200
89 94 190
89 95 290
89 96 50
89 97 200
89 98 80
89 99 200
89 100 200
90 90 -15111
90 91 180
90 92 162
90 93 180
90 94 171
90 95 261
90 96 45
90 97 180
90 98 72
90 99 180
90 100 180
91 91 -33360
91 92 360
91 93 400
91 94 380
91 95 580
91 96 100
91 97 400
91 98 160
91 99 400
91 100 400
92 92 -30060
92 93 360
92 94 342
92 95 522
92 96 90
92 97 360
92 98 144
92 99 360
92 100 360
93 93 -33360
93 94 380
93 95 580
93 96 100
93 97 400
93 98 160
93 99 400
93 100 400
94 94 -31711
94 95 551
94 96 95
94 97 380
94 98 152
94 99 380
94 100 380
95 95 -48111
95 96 145
95 97 580
95 98 232
95 99 580
95 100 580
96 96 -8415
96 97 100
96 98 40
96 99 100
96 100 100
97 97 -33360
97 98 160
97 99 400
97 100 400
98 98 -13440
98 99 160
98 100 160
99 99 -33360
99 100 400
100 100 -33360
